forward,reverse,double_headed
0.826,1.105,0.6
0.684,0.613,0.7
1.232,1.322,0.2
2.583,3.206,0.10
5.665,5.18,0.14
0.422,0.846,0.4
2.445,1.855,0.6
0.844,1.104,0.4
2.414,2.420,0.6
1.58,1.23,0.8
2.532,1.421,0.7
1.26,0.653,0.8
0.649,0.517,0.5
1.402,2.330,0.6
4.327,5.962,0.16
0.572,0.482,0.5
0.563,0.738,0.6
6.518,3.804,0.13
0.58,0.72,0.0
3.374,1.524,0.10
2.241,1.443,0.5
2.311,3.18,0.10
3.160,3.392,0.12
5.324,4.171,0.13
5.801,5.102,0.23
1.434,2.903,0.10
2.519,2.442,0.9
1.134,2.594,0.7
1.98,1.44,0.3
0.511,0.476,0.5
0.639,0.558,0.6
2.545,1.809,0.6
0.300,0.298,0.2
3.279,3.320,0.12
0.435,0.982,0.4
0.946,1.56,0.4
3.289,2.923,0.11
5.670,4.884,0.9
0.11,0.20,0.0
0.793,0.257,0.2
0.469,0.225,0.2
4.642,6.77,0.13
1.773,2.635,0.7
1.347,2.830,0.9
1.474,3.288,0.9
2.470,3.425,0.9
4.491,4.705,0.22
1.647,2.508,0.9
1.290,1.538,0.12
1.30,0.832,0.10
2.233,1.117,0.4
2.953,2.610,0.9
0.763,0.842,0.2
1.680,2.981,0.9
0.826,0.241,0.2
5.262,4.422,0.22
2.381,1.684,0.5
1.456,2.500,0.7
2.686,3.439,0.11
1.433,1.394,0.5
3.501,3.506,0.12
0.247,0.564,0.2
2.363,2.389,0.7
3.522,2.420,0.12
0.162,0.143,0.2
3.116,2.612,0.10
2.457,1.261,0.6
2.246,2.324,0.6
0.5,0.27,0.0
2.349,1.794,0.5
0.489,0.331,0.2
1.530,1.222,0.11
3.361,1.843,0.11
1.32,0.306,0.3
1.249,2.504,0.7
0.4,0.5,0.0
1.25,0.957,0.5
0.121,0.204,0.2
2.439,1.152,0.11
4.456,5.158,0.15
1.84,0.288,0.3
1.538,2.319,0.3
0.267,0.800,0.3
1.101,2.653,0.7
4.857,3.974,0.13
0.581,0.279,0.2
2.735,1.488,0.7
0.698,0.363,0.4
1.454,2.591,0.5
3.605,2.404,0.12
2.685,2.794,0.8
2.624,1.726,0.6
2.369,2.726,0.7
2.165,2.210,0.5
1.210,2.424,0.3
3.404,3.770,0.13
1.806,3.795,0.12
1.29,0.626,0.6
5.81,4.545,0.13
2.829,2.871,0.8
3.73,2.556,0.10
1.232,2.717,0.5
0.475,0.666,0.4
1.536,3.548,0.12
3.496,3.183,0.10
2.572,1.366,0.6
3.682,3.384,0.11
0.988,0.582,0.5
1.566,3.20,0.10
4.551,4.107,0.16
2.800,2.287,0.7
0.808,0.633,0.2
1.198,1.739,0.5
4.876,3.848,0.15
3.990,4.222,0.12
1.354,1.266,0.5
2.772,1.503,0.9
2.399,1.260,0.6
1.324,3.586,0.13
0.565,0.678,0.6
3.19,3.17,0.10
0.549,0.589,0.5
2.372,3.424,0.12
1.763,1.365,0.11
0.511,0.488,0.2
0.606,0.852,0.7
0.20,0.29,0.1
3.703,2.843,0.14
2.726,2.473,0.7
2.372,2.842,0.11
4.625,3.894,0.15
5.964,4.965,0.22
0.340,0.252,0.2
1.329,1.186,0.3
1.596,3.186,0.10
2.401,1.491,0.6
2.334,1.500,0.6
1.214,1.97,0.2
0.297,0.762,0.3
1.357,3.143,0.10
3.312,2.990,0.10
2.620,1.216,0.7
4.306,3.910,0.10
2.758,2.344,0.9
0.444,1.39,0.5
2.710,2.343,0.11
0.472,0.304,0.2
1.732,1.227,0.5
1.857,2.900,0.11
1.894,3.643,0.7
2.483,3.623,0.9
2.170,1.808,0.5
3.849,4.214,0.15
0.557,0.634,0.4
4.364,3.936,0.15
6.45,4.373,0.11
0.957,0.560,0.4
0.52,0.114,0.1
0.486,0.690,0.6
2.562,3.194,0.10
0.281,0.703,0.3
1.641,2.220,0.6
3.774,3.837,0.14
3.360,2.345,0.7
3.511,3.150,0.12
5.310,3.804,0.15
3.600,1.794,0.5
1.36,1.632,0.5
2.347,2.410,0.7
2.306,2.380,0.5
1.123,1.316,0.3
7.258,4.463,0.15
2.786,3.338,0.15
0.24,0.26,0.1
0.591,0.796,0.6
1.147,1.141,0.3
1.645,1.281,0.4
1.399,3.387,0.13
4.60,5.70,0.6
1.72,0.272,0.3
3.793,1.607,0.13
1.210,3.512,0.5
0.660,1.17,0.8
2.242,1.770,0.5
1.483,3.528,0.13
3.862,4.746,0.15
2.492,2.767,0.11
4.70,4.983,0.14
1.873,2.400,0.5
1.833,1.542,0.4
0.755,0.813,0.10
0.109,0.112,0.1
2.818,3.614,0.12
7.38,6.721,0.15
2.411,1.158,0.9
4.352,4.438,0.15
1.624,2.394,0.6
0.525,0.361,0.4
0.463,0.404,0.5
2.737,1.130,0.10
0.472,0.519,0.4
1.478,2.340,0.7
0.644,0.467,0.4
0.89,0.43,0.0
1.119,0.669,0.10
0.702,0.734,0.11
0.24,0.6,0.0
2.584,1.722,0.6
1.296,1.312,0.3
1.215,1.360,0.2
3.203,2.531,0.9
0.165,0.214,0.2
2.481,2.602,0.9
0.138,0.103,0.1
0.572,1.15,0.8
1.63,0.320,0.3
0.567,0.575,0.7
1.121,0.781,0.10
3.685,2.189,0.8
2.377,1.995,0.6
5.575,5.155,0.12
0.7,0.8,0.0
2.884,3.373,0.11
6.629,6.605,0.20
0.67,0.223,0.2
2.436,3.483,0.12
0.587,0.340,0.4
0.70,0.154,0.1
1.421,1.940,0.5
1.765,1.950,0.5
1.24,0.535,0.6
4.555,5.381,0.23
0.470,0.288,0.3
0.56,0.129,0.1
1.807,1.576,0.4
0.134,0.49,0.1
4.867,4.99,0.14
1.311,3.606,0.7
3.485,1.993,0.13
1.240,3.64,0.11
3.187,2.630,0.10
0.583,0.765,0.6
3.604,2.832,0.12
2.823,3.36,0.5
0.19,0.21,0.1
0.602,0.982,0.2
0.31,0.30,0.2
2.359,2.647,0.7
1.844,2.584,0.10
1.815,1.226,0.7
2.419,1.219,0.5
0.9,0.28,0.0
0.311,0.657,0.3
4.606,5.695,0.10
1.24,0.337,0.3
2.932,2.808,0.6
2.253,1.621,0.7
1.217,2.193,0.7
1.32,0.305,0.3
0.469,0.988,0.5
1.517,1.386,0.9
0.115,0.216,0.2
1.197,1.189,0.4
3.210,1.416,0.6
5.568,4.530,0.9
0.979,1.87,0.11
1.242,1.350,0.3
1.40,0.288,0.3
4.413,3.761,0.14
0.503,0.334,0.3
0.503,0.717,0.5
3.134,2.240,0.10
0.467,0.687,0.4
2.878,1.804,0.9
0.128,0.96,0.1
1.150,1.587,0.3
2.758,2.936,0.7
3.159,2.462,0.9
2.521,1.379,0.6
2.280,3.487,0.12
6.153,5.319,0.21
0.9,0.24,0.0
3.977,4.712,0.13
3.132,3.0,0.11
3.208,2.365,0.5
1.424,1.142,0.5
0.588,0.468,0.5
2.997,3.330,0.11
3.956,4.182,0.14
1.406,2.540,0.10
1.91,0.378,0.4
1.130,1.380,0.3
2.457,2.190,0.11
2.678,2.451,0.9
4.222,3.814,0.12
0.311,0.996,0.3
3.610,3.462,0.10
0.465,0.853,0.5
2.713,2.459,0.7
1.501,3.537,0.12
0.636,1.76,0.7
3.365,1.594,0.9
0.109,0.103,0.1
0.329,0.736,0.3
4.308,4.10,0.9
1.718,3.626,0.5
5.510,4.265,0.7
2.533,3.428,0.7
1.376,1.850,0.5
1.615,1.500,0.4
4.623,3.977,0.11
0.465,0.254,0.2
1.483,1.448,0.9
0.272,0.829,0.3
1.282,2.547,0.7
2.945,2.641,0.9
4.7,4.80,0.6
4.802,4.756,0.13
1.796,2.541,0.6
5.492,4.297,0.20
2.964,3.649,0.12
3.994,4.922,0.13
2.199,3.528,0.6
1.29,0.261,0.2
2.321,3.410,0.9
1.83,0.339,0.4
3.543,3.173,0.12
0.498,0.641,0.3
0.517,1.35,0.5
1.345,2.358,0.10
2.197,1.226,0.6
2.253,1.164,0.4
0.17,0.39,0.1
1.374,2.694,0.7
3.227,2.799,0.10
1.734,1.138,0.4
2.751,3.604,0.12
2.862,1.710,0.9
5.722,3.794,0.13
1.643,1.537,0.4
2.489,1.684,0.6
0.1,0.4,0.0
2.641,2.964,0.10
2.385,1.511,0.9
2.340,2.818,0.9
1.93,0.324,0.3
1.84,0.326,0.3
4.574,3.985,0.14
0.802,0.949,0.10
3.951,4.730,0.14
1.60,0.228,0.2
0.990,0.252,0.2
0.563,0.745,0.5
6.342,4.489,0.13
1.867,2.414,0.6
0.802,1.16,0.10
0.541,0.616,0.5
2.438,2.763,0.7
1.423,1.330,0.4
3.354,1.477,0.11
4.120,4.72,0.16
1.358,3.373,0.11
1.340,1.841,0.5
0.27,0.31,0.1
2.866,1.660,0.9
0.480,0.751,0.4
0.91,0.219,0.2
1.382,1.450,0.2
1.28,0.518,0.5
1.410,2.416,0.15
1.36,0.600,0.6
4.519,3.876,0.18
1.429,1.820,0.6
0.67,0.50,0.0
2.510,2.473,0.6
0.215,0.44,0.2
1.232,1.420,0.10
1.421,3.439,0.3
0.966,0.571,0.6
4.569,4.411,0.13
0.313,1.39,0.3
4.501,4.462,0.20
4.552,4.107,0.8
3.524,3.135,0.7
1.900,1.268,0.5
3.493,3.593,0.12
0.776,0.648,0.5
1.89,1.117,0.3
0.659,0.546,0.5
1.20,0.679,0.4
2.320,1.562,0.7
3.566,1.611,0.11
4.322,4.133,0.16
2.751,3.169,0.10
2.920,3.139,0.10
4.993,4.536,0.20
3.19,2.804,0.10
0.273,0.253,0.2
4.415,4.606,0.19
1.191,2.273,0.5
4.640,5.120,0.19
6.832,6.864,0.10
0.436,0.704,0.4
1.557,1.676,0.4
1.182,1.628,0.6
6.943,4.497,0.13
3.74,1.889,0.10
2.530,2.736,0.10
1.248,3.582,0.13
4.615,5.206,0.21
1.238,1.313,0.2
0.471,0.737,0.5
1.455,2.463,0.6
2.790,2.872,0.9
1.687,1.299,0.4
1.204,1.606,0.4
1.423,2.410,0.7
3.383,1.399,0.4
0.20,0.23,0.1
1.383,1.632,0.4
3.630,2.492,0.13
0.776,0.755,0.10
1.789,2.279,0.5
0.570,0.569,0.6
0.216,0.503,0.2
0.468,0.490,0.4
0.958,0.931,0.6
6.12,5.563,0.24
1.532,1.154,0.3
4.254,6.104,0.10
2.294,1.624,0.6
5.907,3.661,0.11
0.60,0.69,0.0
2.548,2.157,0.7
0.217,0.188,0.2
0.578,0.434,0.2
5.220,4.505,0.11
1.802,2.142,0.5
2.357,2.347,0.7
3.145,3.482,0.13
1.658,2.420,0.6
3.312,2.808,0.11
1.291,1.595,0.4
1.414,1.108,0.3
1.800,1.276,0.5
2.717,2.327,0.9
1.362,3.71,0.10
1.532,1.113,0.10
3.400,3.529,0.11
2.291,2.920,0.10
2.283,1.327,0.9
1.105,3.447,0.10
1.258,1.222,0.9
2.429,3.329,0.12
1.212,1.344,0.3
4.160,4.788,0.6
0.28,0.19,0.1
2.524,1.814,0.6
1.766,2.604,0.7
2.320,2.794,0.9
2.204,2.495,0.6
0.254,1.32,0.2
2.128,3.353,0.12
2.691,3.366,0.12
3.529,1.839,0.13
1.587,2.950,0.10
1.711,2.801,0.5
1.458,1.693,0.4
3.618,5.786,0.9
2.130,2.293,0.6
0.102,0.148,0.1
2.868,1.330,0.9
0.573,0.327,0.3
2.528,1.427,0.6
2.931,2.585,0.9
0.63,0.103,0.1
0.212,0.88,0.2
4.281,4.359,0.20
1.256,1.128,0.5
0.82,0.93,0.1
2.164,2.297,0.5
4.296,3.827,0.14
1.26,0.311,0.3
1.511,1.91,0.3
5.473,3.944,0.12
5.302,4.40,0.18
2.553,3.512,0.13
0.644,0.515,0.6
0.498,1.69,0.5
3.968,4.250,0.14
4.369,4.174,0.14
0.292,0.444,0.2
0.583,0.742,0.5
0.239,0.577,0.2
1.513,1.213,0.9
3.446,1.193,0.9
4.523,5.470,0.19
0.920,0.268,0.3
0.664,0.625,0.7
4.455,3.938,0.12
1.798,2.626,0.4
3.469,2.730,0.12
2.284,2.250,0.5
5.9,4.36,0.16
4.582,3.638,0.13
3.460,1.399,0.12
1.268,1.750,0.4
3.178,2.835,0.10
6.220,3.845,0.14
1.358,2.817,0.9
1.401,1.225,0.4
0.558,0.607,0.6
3.468,2.249,0.12
4.664,3.999,0.10
3.763,4.335,0.9
4.982,3.920,0.9
0.949,0.258,0.2
0.450,0.979,0.5
4.276,3.617,0.10
3.732,5.63,0.13
1.569,2.366,0.6
4.833,4.248,0.10
3.751,4.71,0.12
2.731,3.406,0.12
3.244,2.687,0.10
1.453,3.226,0.6
0.509,0.832,0.6
1.84,0.742,0.10
1.313,2.546,0.6
3.221,1.137,0.10
2.788,1.250,0.9
1.536,1.732,0.10
0.433,0.984,0.4
0.696,0.485,0.5
3.24,2.174,0.10
1.347,2.839,0.8
5.154,5.181,0.23
3.102,2.675,0.10
0.154,0.44,0.1
5.499,3.896,0.15
3.595,1.939,0.12
4.942,4.121,0.16
0.387,0.517,0.5
0.97,0.66,0.0
0.125,0.136,0.1
3.136,3.111,0.12
0.481,0.743,0.5
4.521,3.951,0.7
2.897,2.502,0.9
5.130,4.953,0.25
6.65,3.970,0.12
0.980,0.974,0.4
0.356,0.513,0.4
1.367,1.187,0.3
4.765,6.737,0.12
1.122,1.677,0.4
4.335,4.370,0.10
3.121,2.821,0.11
1.804,1.290,0.4
3.936,5.393,0.15
0.121,0.95,0.1
1.618,3.335,0.5
3.392,1.715,0.12
1.45,0.337,0.3
0.522,0.290,0.2
1.253,1.629,0.6
1.746,1.441,0.4
1.263,2.162,0.5
2.846,1.592,0.5
0.152,0.92,0.1
0.44,0.90,0.0
3.889,3.855,0.12
2.579,3.47,0.10
0.350,0.371,0.3
1.216,3.256,0.7
3.919,4.970,0.13
3.556,3.264,0.11
1.307,2.554,0.7
1.802,2.893,0.9
2.328,1.589,0.6
2.907,1.292,0.9
0.539,0.620,0.2
0.686,0.336,0.3
1.848,3.33,0.11
3.978,4.267,0.5
1.4,0.749,0.6
4.587,4.510,0.21
2.523,2.567,0.6
0.132,0.50,0.1
0.305,0.604,0.3
5.319,4.75,0.15
0.446,0.571,0.4
5.653,4.716,0.13
0.542,0.511,0.5
0.354,0.368,0.4
1.7,1.28,0.7
2.346,3.681,0.12
0.477,1.83,0.2
2.568,1.141,0.11
0.517,1.140,0.4
3.605,1.816,0.10
0.992,0.251,0.2
0.552,0.466,0.5
3.706,1.211,0.13
1.486,1.761,0.6
1.309,2.601,0.6
0.222,0.693,0.2
4.836,4.71,0.14
0.19,0.31,0.1
0.579,0.789,0.6
1.629,1.241,0.3
2.737,3.836,0.14
3.471,3.157,0.11
2.683,1.232,0.7
2.524,1.605,0.14
3.61,3.253,0.11
4.952,5.768,0.13
2.781,1.822,0.7
2.436,1.636,0.5
4.498,4.930,0.21
1.32,0.702,0.4
4.836,4.683,0.20
1.62,0.592,0.3
1.260,2.626,0.6
2.537,1.429,0.6
4.765,4.370,0.20
2.832,2.500,0.7
1.307,1.214,0.3
1.271,1.231,0.5
1.987,3.148,0.9
1.330,3.334,0.3
0.47,0.230,0.2
1.511,2.269,0.3
0.474,1.116,0.5
1.674,1.705,0.4
2.633,2.583,0.8
1.395,3.35,0.10
3.70,1.486,0.10
0.113,0.125,0.1
0.140,0.96,0.1
4.766,5.295,0.15
2.798,1.736,0.7
4.706,3.865,0.14
4.24,4.246,0.11
2.633,3.56,0.10
2.695,3.146,0.10
4.607,4.208,0.16
1.351,2.518,0.6
0.645,0.773,0.5
0.268,0.596,0.2
1.379,1.888,0.5
6.713,4.172,0.13
5.67,3.843,0.14
0.589,1.85,0.6
0.477,0.709,0.6
7.375,5.753,0.21
3.389,2.704,0.13
0.947,0.232,0.2
2.931,1.626,0.10
5.222,3.870,0.5
3.82,3.253,0.5
1.2,0.463,0.3
3.158,1.875,0.11
0.136,0.153,0.1
1.389,1.526,0.3
4.484,7.313,0.15
1.785,1.784,0.5
1.501,1.186,0.3
1.500,1.763,0.4
1.920,3.422,0.12
0.234,0.552,0.2
2.181,1.225,0.5
3.957,4.265,0.14
1.813,1.147,0.5
3.119,3.531,0.12
0.266,0.552,0.3
0.548,0.980,0.5
5.232,4.856,0.11
0.138,0.49,0.1
3.511,3.302,0.13
3.609,3.7,0.14
0.311,0.494,0.3
0.27,0.20,0.1
4.306,5.423,0.14
1.383,3.32,0.11
0.107,0.202,0.2
2.260,3.102,0.11
6.452,7.916,0.23
0.783,1.96,0.8
0.283,1.233,0.3
1.915,1.878,0.4
3.364,2.756,0.8
5.941,6.714,0.22
2.39,2.130,0.5
5.840,4.579,0.21
0.462,0.982,0.5
0.759,0.764,0.10
7.452,7.513,0.14
1.460,2.596,0.7
3.601,1.222,0.12
6.229,6.622,0.26
2.338,2.763,0.7
1.342,1.251,0.3
0.327,0.763,0.3
1.333,2.309,0.11
3.135,1.832,0.11
3.725,1.934,0.11
1.785,2.264,0.5
2.755,2.747,0.7
1.885,2.558,0.7
2.849,2.412,0.8
1.733,3.607,0.12
2.160,1.767,0.5
3.842,3.998,0.11
1.12,0.247,0.2
2.304,1.430,0.5
1.346,2.941,0.9
1.509,3.685,0.13
3.6,1.878,0.9
1.666,2.710,0.7
0.350,0.715,0.4
2.484,2.654,0.6
4.126,4.689,0.14
1.334,1.195,0.6
1.74,1.103,0.11
2.469,2.808,0.10
0.776,0.596,0.5
3.89,2.369,0.12
4.42,4.883,0.15
1.92,0.517,0.5
1.172,2.914,0.10
0.489,0.977,0.2
0.567,0.345,0.3
2.202,1.688,0.5
0.41,0.18,0.1
0.499,0.545,0.5
0.726,0.652,0.7
1.703,2.449,0.6
0.348,0.749,0.4
3.743,3.803,0.15
0.829,0.603,0.6
3.258,2.986,0.12
3.919,3.897,0.7
4.177,5.54,0.6
3.378,1.262,0.3
5.570,5.506,0.10
0.91,0.216,0.2
2.826,1.442,0.9
1.485,3.11,0.10
0.732,0.365,0.4
1.313,1.932,0.6
1.734,3.274,0.11
2.160,1.285,0.5
3.662,4.398,0.13
4.483,4.765,0.10
2.534,3.514,0.12
6.387,7.445,0.14
2.493,2.513,0.6
1.527,3.137,0.11
0.978,0.816,0.4
2.139,3.31,0.10
0.331,1.5,0.3
1.548,1.206,0.3
3.814,1.241,0.13
0.55,0.145,0.1
1.395,2.837,0.5
1.561,1.567,0.3
2.727,2.692,0.7
1.663,3.293,0.7
6.56,4.417,0.20
0.319,0.389,0.3
2.127,3.819,0.12
0.968,0.752,0.12
4.152,6.218,0.15
4.169,3.870,0.15
4.232,4.770,0.13
3.332,1.244,0.8
4.394,4.791,0.16
5.66,4.440,0.13
1.230,2.464,0.6
0.424,0.961,0.4
4.388,4.1,0.14
1.13,0.588,0.6
2.270,2.660,0.8
1.762,1.322,0.5
0.295,0.298,0.3
1.117,1.228,0.10
0.980,0.493,0.5
6.133,4.190,0.10
1.493,1.552,0.5
0.201,0.135,0.2
1.516,2.682,0.7
2.529,1.683,0.8
4.164,4.322,0.12
5.405,5.912,0.16
0.457,0.660,0.5
4.960,4.67,0.16
3.907,2.445,0.15
2.649,2.801,0.11
2.795,1.936,0.6
1.708,1.481,0.5
3.530,3.297,0.12
4.228,4.93,0.6
1.722,1.348,0.5
0.489,0.827,0.5
2.624,2.221,0.7
4.70,5.509,0.13
0.790,0.537,0.5
0.265,1.12,0.2
0.617,0.577,0.6
0.279,0.710,0.2
3.150,1.686,0.10
1.296,1.230,0.2
2.392,1.171,0.6
1.115,1.542,0.9
5.809,5.86,0.11
3.741,3.117,0.14
2.500,3.677,0.12
0.975,0.545,0.6
0.253,0.729,0.2
2.469,1.376,0.6
2.601,2.775,0.7
1.719,3.93,0.10
5.888,4.162,0.16
3.797,6.22,0.14
1.187,1.951,0.5
1.291,2.480,0.6
0.20,0.28,0.1
1.889,1.660,0.11
4.888,4.470,0.11
0.467,1.122,0.5
1.40,0.301,0.3
0.578,0.495,0.5
1.107,0.584,0.6
1.910,2.763,0.7
3.360,3.691,0.12
3.683,4.203,0.15
3.834,4.439,0.4
4.376,6.308,0.13
2.497,1.502,0.6
0.941,0.864,0.5
1.410,2.858,0.5
3.351,1.701,0.11
1.127,1.193,0.2
0.312,1.44,0.3
0.240,0.609,0.2
1.824,1.318,0.4
5.96,3.885,0.10
4.326,5.384,0.12
2.630,3.440,0.11
0.742,0.523,0.6
1.131,1.639,0.9
3.595,2.624,0.13
2.354,1.864,0.5
0.768,0.547,0.6
3.622,1.322,0.13
3.458,3.599,0.14
5.288,4.856,0.24
1.855,1.409,0.5
0.628,0.364,0.1
1.361,2.233,0.5
3.692,3.179,0.13
2.886,2.927,0.10
0.646,0.648,0.3
3.723,2.870,0.6
3.910,4.92,0.10
1.545,1.490,0.4
3.370,1.308,0.9
1.297,1.652,0.4
2.277,1.702,0.5
3.556,1.434,0.12
0.534,0.284,0.3
1.63,0.667,0.9
4.413,4.316,0.10
0.433,1.65,0.4
1.358,1.316,0.3
4.632,3.986,0.15
0.239,0.832,0.2
4.108,4.801,0.11
4.894,4.86,0.12
1.858,3.129,0.10
1.314,2.789,0.5
1.900,1.956,0.5
1.934,3.499,0.11
0.434,1.74,0.4
2.135,2.263,0.5
1.660,1.431,0.4
2.394,3.14,0.7
3.647,3.749,0.13
3.994,3.814,0.13
1.256,1.658,0.5
0.140,0.115,0.2
1.570,2.797,0.4
0.111,0.97,0.1
5.279,4.670,0.23
2.281,3.138,0.10
2.852,2.378,0.9
1.385,3.84,0.4
3.330,3.182,0.12
1.484,1.604,0.4
3.39,2.820,0.10
3.202,1.487,0.10
0.342,0.446,0.1
1.669,3.664,0.6
0.801,0.735,0.4
0.151,0.121,0.1
0.781,0.424,0.4
2.513,1.276,0.7
1.64,0.736,0.6
2.384,2.773,0.9
0.973,0.960,0.3
2.416,2.221,0.5
0.19,0.28,0.1
2.923,2.871,0.9
3.547,1.313,0.14
3.623,3.618,0.13
3.79,3.454,0.11
4.146,5.451,0.17
2.979,3.365,0.9
3.889,4.303,0.14
2.612,1.151,0.5
0.274,1.50,0.3
1.670,2.819,0.10
3.617,3.147,0.12
0.205,0.108,0.2
6.584,5.230,0.23
3.329,3.101,0.5
1.489,3.108,0.11
3.230,1.300,0.10
0.711,0.775,0.9
5.938,5.571,0.22
1.207,2.324,0.6
0.984,0.538,0.6
1.717,2.287,0.6
2.551,2.238,0.6
1.156,2.743,0.10
0.459,0.473,0.5
2.530,1.149,0.6
1.176,1.141,0.3
0.18,0.20,0.1
1.509,1.860,0.4
5.61,4.197,0.10
0.49,0.144,0.1
0.598,0.633,0.6
3.998,5.563,0.6
5.164,4.601,0.21
2.863,2.414,0.7
3.32,2.479,0.11
1.485,2.479,0.5
4.832,4.111,0.14
3.212,3.600,0.10
2.984,2.573,0.10
6.703,6.466,0.29
6.671,5.158,0.12
9.322,9.602,0.48
0.285,0.248,0.2
1.423,3.179,0.10
1.15,1.90,0.7
3.263,3.428,0.12
1.718,1.932,0.6
1.466,1.961,0.5
4.345,3.819,0.13
0.339,0.697,0.3
0.492,0.452,0.2
1.288,1.319,0.3
0.739,0.544,0.6
1.60,0.602,0.7
0.986,0.616,0.6
1.466,1.250,0.5
3.414,3.103,0.12
4.462,5.870,0.10
0.809,0.980,0.12
0.753,0.752,0.10
1.66,0.685,0.5
0.726,1.92,0.10
5.774,4.158,0.15
0.766,0.664,0.6
6.824,4.341,0.15
1.748,1.634,0.5
2.895,1.603,0.9
1.613,3.739,0.5
3.849,4.520,0.14
1.733,1.410,0.4
3.748,4.446,0.5
5.997,4.464,0.20
0.297,0.329,0.3
0.703,0.564,0.4
3.250,1.400,0.11
2.525,2.424,0.6
6.76,3.797,0.15
2.342,3.750,0.7
1.154,0.702,0.5
2.340,1.540,0.6
2.932,1.866,0.11
2.600,2.917,0.9
1.424,2.195,0.5
1.700,1.392,0.5
0.104,0.209,0.2
1.163,3.712,0.13
1.857,3.133,0.10
6.146,4.880,0.20
0.239,0.269,0.2
0.4,0.3,0.0
4.367,4.222,0.18
1.569,2.475,0.6
3.731,3.870,0.12
2.992,2.215,0.10
0.965,0.650,0.6
2.427,1.261,0.6
1.285,3.60,0.10
1.209,2.275,0.5
2.544,1.133,0.9
0.712,0.429,0.5
3.337,3.528,0.12
3.958,4.944,0.16
4.262,4.523,0.20
2.322,1.816,0.8
2.348,2.317,0.5
3.503,3.224,0.11
0.979,0.477,0.5
5.822,6.88,0.19
1.103,0.585,0.6
0.5,0.9,0.0
1.16,0.369,0.4
3.388,1.870,0.5
1.31,0.778,0.7
0.53,0.147,0.1
1.117,2.488,0.6
2.849,1.458,0.10
2.227,2.759,0.7
2.325,3.302,0.10
5.419,6.193,0.21
1.197,2.287,0.7
4.49,4.70,0.16
3.729,3.352,0.13
1.801,2.760,0.9
0.761,0.283,0.3
2.433,1.413,0.5
0.131,0.117,0.1
1.130,0.672,0.9
0.964,1.19,0.5
1.457,2.766,0.7
0.421,0.652,0.7
4.167,4.40,0.10
0.489,0.544,0.5
7.81,4.789,0.16
0.527,0.497,0.5
1.767,3.690,0.13
1.160,2.971,0.9
0.641,0.835,0.5
0.490,0.510,0.5
0.203,0.201,0.2
5.653,4.361,0.25
0.214,0.119,0.2
0.501,0.719,0.5
2.708,2.320,0.9
1.17,0.346,0.3
5.290,6.75,0.6
5.466,5.375,0.13
0.9,0.41,0.0
1.488,1.557,0.3
4.448,5.181,0.12
0.601,0.780,0.7
0.266,1.56,0.2
0.233,0.701,0.2
0.41,0.154,0.1
0.640,0.661,0.5
1.839,3.51,0.10
1.158,3.451,0.11
1.781,2.911,0.10
3.920,1.792,0.13
1.460,2.643,0.5
2.747,1.772,0.8
3.361,2.304,0.10
2.995,3.520,0.12
0.567,0.270,0.2
2.757,1.244,0.4
5.337,4.163,0.16
0.58,0.122,0.1
5.465,6.152,0.22
2.851,3.439,0.11
4.744,3.968,0.14
0.228,1.116,0.2
5.449,4.91,0.17
0.817,1.5,0.3
1.456,1.426,0.7
0.27,0.29,0.1
4.613,4.368,0.18
2.397,2.588,0.7
0.204,0.56,0.2
2.895,2.343,0.9
3.163,3.17,0.15
1.279,3.28,0.3
1.858,3.216,0.10
2.503,3.343,0.10
3.117,2.866,0.11
4.58,4.670,0.8
4.352,3.831,0.16
6.172,6.616,0.13
0.42,0.94,0.0
0.377,0.513,0.4
1.167,1.190,0.2
1.617,2.704,0.7
0.5,0.22,0.0
3.510,2.249,0.6
3.403,3.443,0.12
2.734,2.631,0.8
4.258,4.841,0.19
2.837,2.332,0.9
1.716,2.502,0.10
3.212,2.393,0.6
4.166,4.995,0.14
3.658,2.573,0.12
3.994,5.690,0.10
0.92,0.219,0.2
0.363,0.454,0.3
1.834,1.932,0.5
5.1,5.275,0.8
4.401,6.294,0.20
4.700,5.380,0.21
0.87,0.90,0.0
0.586,0.781,0.6
0.193,0.118,0.2
2.287,1.347,0.5
3.826,3.948,0.15
7.580,4.703,0.13
1.696,1.741,0.4
1.196,3.0,0.10
2.761,1.363,0.5
4.444,4.848,0.13
2.977,2.311,0.12
1.393,2.837,0.5
3.31,3.321,0.12
2.814,1.863,0.10
2.713,2.617,0.7
1.275,2.452,0.6
3.156,2.374,0.8
0.239,0.947,0.2
3.619,1.154,0.13
3.929,5.404,0.14
0.733,0.592,0.7
2.463,2.986,0.10
3.135,1.424,0.10
2.647,1.278,0.13
3.553,2.882,0.11
0.718,0.448,0.5
3.812,5.139,0.13
4.14,4.16,0.10
1.449,1.348,0.3
0.336,0.618,0.3
2.705,2.518,0.7
3.429,1.623,0.11
4.435,3.987,0.14
2.168,2.255,0.5
2.829,2.303,0.9
1.877,1.222,0.6
0.349,0.585,0.4
5.8,4.12,0.12
5.203,7.240,0.20
4.177,5.680,0.19
1.231,3.438,0.9
1.449,2.400,0.5
3.650,3.152,0.13
3.164,3.546,0.13
0.659,0.755,0.7
1.171,3.174,0.10
0.264,0.661,0.2
0.93,0.206,0.1
0.726,0.963,0.5
3.568,2.294,0.12
4.421,4.632,0.12
0.527,0.354,0.4
0.348,0.500,0.4
2.433,1.537,0.4
2.688,1.229,0.7
1.619,1.645,0.4
2.152,1.250,0.5
1.152,1.297,0.2
0.201,0.215,0.2
0.964,0.660,0.4
2.192,3.225,0.5
0.483,0.554,0.5
2.562,2.283,0.7
1.83,0.612,0.8
1.326,3.80,0.10
0.261,0.795,0.2
0.587,0.305,0.3
1.53,0.759,0.3
1.424,3.160,0.10
2.773,1.665,0.8
0.956,0.798,0.10
3.247,2.187,0.6
2.390,1.657,0.6
1.709,3.168,0.10
1.214,1.870,0.5
1.512,2.871,0.9
0.42,0.89,0.2
4.182,4.40,0.15
3.575,3.646,0.13
5.6,4.315,0.14
2.683,3.28,0.10
0.446,0.823,0.5
1.28,0.263,0.3
0.988,1.88,0.5
3.139,2.749,0.11
1.202,3.451,0.4
4.253,4.441,0.16
1.12,0.946,0.3
4.902,5.175,0.10
0.557,0.478,0.4
2.915,1.618,0.9
3.38,1.384,0.5
7.22,5.360,0.10
1.179,1.478,0.6
2.810,2.687,0.8
2.783,2.285,0.8
2.306,3.119,0.11
0.830,0.723,0.9
1.641,2.189,0.5
2.513,2.753,0.7
1.100,0.818,0.4
2.224,1.364,0.9
0.98,0.212,0.2
0.274,0.267,0.2
1.388,1.418,0.4
2.300,1.816,0.6
1.658,1.897,0.5
0.230,0.529,0.2
6.788,5.754,0.21
2.224,3.545,0.7
4.19,4.140,0.15
0.568,0.637,0.6
0.711,1.73,0.2
0.298,0.479,0.3
0.266,0.827,0.2
3.933,5.870,0.15
2.841,3.1,0.10
3.259,1.140,0.11
1.845,1.245,0.5
1.216,1.539,0.5
3.739,1.100,0.14
0.600,0.971,0.7
1.825,1.143,0.5
4.704,6.267,0.12
7.42,4.344,0.14
0.147,0.87,0.1
2.763,1.347,0.7
3.485,3.277,0.12
1.374,1.548,0.4
1.430,1.190,0.3
5.283,4.921,0.13
0.658,0.449,0.4
2.950,2.350,0.9
0.974,0.514,0.6
0.433,0.989,0.4
0.230,0.496,0.2
0.498,1.59,0.6
0.667,0.801,0.5
1.191,1.588,0.4
0.25,0.13,0.0
2.346,1.203,0.5
0.993,0.764,0.5
1.252,3.95,0.10
3.46,2.970,0.10
4.158,5.332,0.10
1.438,2.645,0.7
0.40,0.127,0.1
5.412,5.359,0.19
1.450,2.972,0.6
3.554,3.273,0.12
1.446,1.759,0.3
2.576,1.793,0.5
3.829,4.801,0.10
2.530,1.176,0.10
0.229,1.37,0.2
1.620,2.645,0.7
1.997,2.404,0.6
2.237,1.813,0.5
2.814,2.224,0.8
2.402,3.406,0.12
5.462,4.533,0.13
2.180,1.200,0.5
3.823,4.267,0.13
1.491,1.407,0.3
2.598,1.783,0.6
0.121,0.165,0.1
7.301,5.600,0.23
2.954,3.466,0.12
1.21,0.618,0.7
3.276,3.466,0.7
3.22,2.217,0.9
3.489,1.214,0.4
2.260,2.443,0.10
2.661,1.538,0.7
6.950,4.808,0.20
2.692,2.839,0.9
1.416,2.500,0.5
1.246,2.606,0.7
0.299,0.968,0.3
2.745,2.143,0.6
0.206,0.204,0.2
0.761,0.961,0.6
1.64,0.987,0.11
0.602,1.3,0.6
2.719,1.276,0.7
0.998,1.70,0.4
0.274,0.647,0.3
0.692,0.653,0.5
2.574,2.897,0.10
2.401,1.640,0.5
1.182,1.790,0.4
2.921,3.125,0.10
4.740,5.886,0.17
1.183,1.836,0.4
2.215,1.259,0.6
0.42,0.87,0.1
3.290,1.821,0.11
4.666,4.191,0.9
0.97,0.146,0.1
0.650,0.248,0.2
3.292,1.744,0.11
0.927,0.581,0.6
4.926,5.339,0.14
0.610,1.71,0.7
0.298,0.573,0.3
4.307,5.852,0.12
4.722,5.6,0.19
2.927,1.255,0.9
1.158,1.594,0.4
0.501,0.793,0.5
1.509,2.173,0.5
2.720,2.643,0.8
3.11,1.287,0.9
1.378,2.480,0.4
0.710,0.785,0.9
2.970,2.522,0.12
2.938,1.213,0.9
1.126,3.462,0.12
1.591,3.557,0.11
0.21,0.19,0.1
2.353,2.553,0.6
3.354,2.662,0.11
0.779,0.544,0.5
1.154,2.884,0.9
2.846,3.251,0.11
1.451,2.270,0.5
0.12,0.23,0.0
2.822,2.409,0.10
1.771,1.555,0.5
3.821,4.555,0.14
5.467,3.980,0.13
1.20,0.299,0.3
1.484,1.430,0.4
3.514,2.566,0.12
0.459,0.286,0.3
0.559,1.21,0.6
4.733,5.508,0.9
2.329,1.540,0.7
2.669,3.133,0.10
0.814,0.306,0.3
0.270,0.467,0.2
0.108,0.139,0.1
1.159,1.683,0.4
1.786,3.237,0.11
0.47,0.161,0.1
2.379,1.328,0.6
4.426,3.948,0.16
2.443,2.886,0.9
0.4,0.3,0.0
4.453,3.957,0.14
0.281,0.287,0.3
0.663,0.293,0.3
0.702,0.519,0.3
2.415,1.735,0.6
2.501,2.171,0.6
2.950,2.649,0.10
1.171,2.225,0.7
2.313,3.317,0.9
5.818,3.864,0.12
3.534,2.761,0.9
1.829,2.963,0.9
1.524,1.468,0.3
1.753,2.220,0.5
3.487,3.485,0.10
1.698,3.446,0.12
4.455,4.323,0.17
2.689,3.123,0.7
2.591,2.662,0.7
0.57,0.131,0.1
0.728,1.88,0.9
0.283,0.605,0.3
3.250,2.426,0.11
0.271,0.305,0.2
0.121,0.110,0.1
2.266,1.440,0.5
4.380,4.94,0.16
0.263,0.998,0.3
0.443,1.29,0.4
1.168,2.899,0.9
2.773,2.769,0.10
2.457,1.588,0.6
3.661,1.705,0.13
0.746,0.819,0.10
3.33,1.571,0.10
4.644,5.139,0.23
8.825,7.232,0.27
0.608,0.454,0.4
3.121,2.556,0.11
0.19,0.14,0.0
1.80,0.494,0.5
2.763,2.209,0.7
0.827,0.366,0.5
5.706,3.881,0.10
0.303,1.25,0.2
1.675,1.180,0.4
2.926,1.260,0.7
0.298,0.535,0.3
2.437,3.291,0.11
1.59,0.296,0.3
4.835,4.55,0.16
1.896,2.266,0.5
1.155,2.543,0.6
1.590,2.296,0.5
0.815,0.648,0.7
1.260,1.900,0.5
0.461,0.312,0.3
2.873,3.539,0.6
0.665,1.112,0.12
2.763,2.751,0.12
1.407,3.68,0.10
3.396,2.908,0.12
0.791,1.69,0.10
1.63,0.557,0.5
1.332,2.677,0.7
2.834,1.556,0.12
1.277,1.842,0.8
0.594,0.551,0.6
2.501,1.547,0.7
1.835,3.179,0.11
0.40,0.97,0.1
1.644,2.857,0.10
4.571,4.199,0.19
0.970,0.276,0.3
0.989,1.87,0.3
0.352,0.519,0.5
3.799,5.17,0.15
2.220,1.393,0.12
0.47,0.225,0.2
5.727,3.946,0.10
0.236,1.71,0.2
2.416,1.383,0.5
1.13,0.272,0.2
5.534,5.8,0.19
1.823,1.537,0.5
6.805,6.569,0.22
2.504,3.200,0.11
2.972,2.563,0.9
0.269,1.47,0.2
4.488,5.181,0.19
2.286,2.444,0.6
2.804,3.67,0.3
0.967,0.283,0.3
0.6,0.26,0.0
0.25,0.9,0.0
4.277,4.102,0.16
2.464,2.774,0.11
0.529,0.588,0.5
2.271,2.639,0.6
3.477,1.428,0.6
0.326,0.604,0.3
2.629,3.682,0.12
1.478,1.812,0.3
2.534,3.4,0.10
0.673,0.955,0.2
2.248,2.485,0.6
3.713,4.648,0.12
3.5,1.651,0.10
1.96,0.725,0.10
2.254,2.992,0.9
1.429,2.262,0.9
0.368,1.81,0.4
0.145,0.128,0.1
0.368,0.629,0.4
0.241,0.337,0.2
1.369,3.468,0.12
1.582,1.387,0.6
2.769,2.262,0.8
0.258,0.800,0.2
2.468,1.481,0.6
4.167,3.836,0.14
1.668,2.869,0.9
6.943,5.722,0.22
0.106,0.151,0.1
0.140,0.132,0.1
4.494,3.981,0.11
5.772,4.342,0.19
0.436,0.624,0.4
0.626,0.673,0.7
2.307,2.608,0.4
1.532,1.702,0.5
0.154,0.137,0.1
0.707,1.10,0.5
2.614,1.131,0.3
0.359,0.519,0.4
3.198,2.520,0.9
0.94,0.67,0.1
0.335,0.231,0.2
3.44,3.756,0.12
5.878,3.785,0.11
1.700,1.730,0.4
2.558,3.136,0.10
0.326,0.677,0.3
0.645,0.630,0.3
1.394,2.243,0.5
3.343,2.379,0.11
2.968,2.483,0.10
3.335,2.516,0.11
1.590,3.168,0.12
1.180,1.850,0.7
2.726,3.312,0.9
1.587,2.232,0.6
0.308,0.451,0.2
3.945,5.187,0.14
1.699,1.435,0.9
1.619,1.697,0.4
1.187,3.480,0.12
4.246,3.978,0.13
1.191,1.229,0.2
1.6,0.518,0.5
3.223,3.548,0.9
5.895,3.792,0.13
2.230,2.354,0.6
1.423,3.6,0.10
1.339,2.264,0.5
2.815,1.558,0.9
3.896,3.934,0.13
0.24,0.13,0.0
4.834,4.432,0.6
4.276,4.250,0.12
4.854,5.657,0.9
1.681,2.799,0.4
0.42,0.208,0.2
1.292,3.470,0.12
0.276,0.670,0.3
1.168,2.704,0.7
0.138,0.204,0.1
4.502,4.755,0.10
3.373,1.235,0.6
5.423,4.689,0.19
0.764,0.692,0.8
1.727,3.907,0.14
1.753,2.544,0.7
1.245,3.636,0.10
4.979,4.862,0.14
2.899,1.396,0.7
5.766,7.661,0.21
3.833,3.960,0.12
1.874,1.280,0.5
0.620,0.322,0.3
2.406,1.167,0.6
0.0,0.0,0.0
3.175,2.611,0.11
0.264,0.619,0.2
2.404,3.587,0.12
3.875,4.465,0.14
2.978,1.781,0.9
2.790,2.778,0.9
2.988,2.374,0.10
0.43,0.54,0.0
2.703,2.957,0.13
0.132,0.259,0.2
2.354,2.985,0.9
1.365,1.175,0.6
0.122,0.125,0.1
6.21,4.150,0.17
0.22,0.32,0.1
2.838,2.248,0.10
4.667,4.645,0.21
4.450,4.288,0.10
1.301,2.711,0.9
0.284,1.104,0.3
0.284,0.550,0.3
2.522,1.558,0.5
2.990,1.395,0.10
0.1,0.2,0.0
4.583,5.973,0.18
0.639,0.271,0.3
2.352,2.706,0.6
6.152,4.664,0.14
0.537,0.348,0.4
0.244,0.678,0.2
1.138,2.400,0.6
1.654,1.167,0.4
5.865,5.781,0.16
1.28,0.984,0.5
0.63,0.215,0.0
0.46,0.157,0.1
3.813,3.684,0.13
0.113,0.115,0.1
0.638,1.0,0.4
0.40,0.53,0.0
2.949,3.6,0.10
1.226,2.559,0.9
2.977,1.301,0.10
0.600,0.974,0.5
2.328,1.554,0.5
3.125,2.184,0.10
2.489,2.226,0.9
3.908,4.260,0.5
1.632,2.689,0.8
1.873,3.46,0.10
2.628,1.211,0.6
0.718,0.735,0.9
2.581,1.882,0.7
0.454,0.447,0.4
3.403,3.441,0.12
1.591,2.329,0.9
1.292,3.629,0.14
1.688,2.321,0.6
4.174,4.47,0.13
2.799,2.161,0.9
2.358,2.507,0.10
4.125,4.276,0.11
1.10,1.8,0.3
2.803,2.385,0.9
2.677,3.583,0.5
3.791,4.445,0.11
0.131,0.53,0.1
3.65,2.706,0.8
3.304,2.862,0.9
1.175,2.328,0.5
3.168,2.351,0.10
1.478,1.128,0.3
1.38,0.824,0.5
0.741,0.611,0.6
2.839,3.476,0.12
2.656,1.557,0.7
2.615,1.732,0.7
1.831,3.442,0.6
2.562,1.482,0.5
1.634,3.399,0.11
0.475,0.238,0.2
5.870,4.796,0.22
2.420,2.789,0.9
3.626,3.602,0.14
3.162,1.614,0.5
5.879,5.333,0.23
2.374,3.427,0.12
3.375,3.494,0.12
2.289,1.468,0.6
0.2,0.1,0.0
1.44,1.19,0.4
0.645,0.661,0.8
2.990,2.236,0.10
2.774,2.992,0.9
1.47,0.312,0.3
2.428,1.769,0.6
0.991,0.506,0.3
3.791,3.982,0.13
0.435,0.221,0.2
4.104,4.639,0.20
0.113,0.46,0.1
3.763,3.756,0.9
2.286,1.690,0.6
0.346,0.298,0.3
1.290,1.302,0.2
0.832,0.712,0.9
0.221,0.229,0.2
1.171,2.367,0.6
4.96,3.774,0.14
5.763,3.762,0.13
3.851,3.974,0.9
0.302,0.462,0.3
0.602,1.21,0.4
1.273,1.509,0.4
2.407,1.332,0.7
4.929,4.964,0.13
0.430,0.449,0.4
0.750,0.655,0.5
3.830,1.447,0.11
3.486,2.707,0.9
3.741,2.242,0.5
3.907,4.247,0.13
2.758,2.463,0.12
8.974,8.681,0.23
5.188,4.71,0.11
1.352,1.556,0.7
3.914,4.96,0.14
2.597,1.609,0.6
0.210,0.124,0.2
3.209,2.362,0.10
0.306,0.960,0.3
0.600,0.510,0.5
3.402,3.334,0.11
3.434,3.297,0.11
3.308,3.375,0.11
1.0,0.235,0.2
1.785,2.281,0.5
3.5,1.286,0.9
7.958,6.113,0.23
2.920,2.741,0.9
7.881,6.431,0.42
4.358,4.932,0.13
4.499,4.908,0.12
0.314,1.58,0.3
2.950,2.341,0.9
1.423,2.326,0.5
2.255,2.768,0.9
1.418,2.448,0.6
1.251,2.387,0.10
0.709,1.48,0.9
0.111,0.94,0.1
0.647,1.4,0.7
1.263,2.228,0.3
5.458,5.56,0.22
0.27,0.28,0.1
1.147,2.573,0.7
1.279,3.570,0.13
1.50,1.77,0.6
3.415,3.413,0.11
2.909,1.252,0.9
2.706,2.156,0.7
1.102,0.527,0.5
1.708,2.672,0.10
0.202,0.54,0.2
4.11,4.19,0.12
2.624,1.494,0.6
1.87,1.91,0.9
0.258,0.983,0.2
4.891,3.922,0.14
4.829,4.410,0.13
2.869,3.42,0.10
1.6,0.526,0.5
3.792,4.509,0.5
3.16,2.604,0.10
5.602,4.388,0.19
0.801,0.500,0.2
1.49,0.247,0.2
1.577,1.449,0.8
0.445,0.733,0.4
2.681,2.434,0.7
3.114,3.44,0.11
5.590,5.566,0.7
0.292,0.754,0.3
1.277,1.609,0.4
1.362,1.170,0.3
5.714,4.168,0.14
1.118,0.772,0.10
0.118,0.226,0.2
1.167,1.517,0.3
0.331,0.669,0.3
4.195,4.431,0.11
3.119,1.686,0.10
0.595,0.554,0.4
1.7,0.467,0.5
2.725,2.231,0.10
1.270,1.660,0.4
1.913,1.661,0.6
2.143,1.785,0.6
3.934,5.660,0.14
2.861,1.784,0.10
0.516,0.730,0.3
3.563,3.639,0.7
2.894,1.505,0.10
1.486,2.647,0.7
1.397,3.243,0.11
2.711,2.618,0.10
4.188,4.897,0.11
3.779,6.368,0.10
3.544,1.702,0.7
0.40,0.108,0.1
1.532,3.224,0.11
0.781,0.356,0.4
2.380,2.276,0.6
2.431,1.460,0.6
1.313,1.410,0.6
2.769,3.330,0.6
0.209,0.141,0.2
2.208,1.662,0.7
0.964,0.479,0.4
1.175,2.716,0.4
3.227,2.322,0.11
1.477,1.403,0.3
3.626,2.437,0.12
0.615,0.237,0.2
1.278,1.827,0.5
4.142,3.970,0.9
1.138,2.331,0.6
1.447,3.14,0.12
1.711,1.317,0.6
1.886,1.465,0.5
3.966,3.634,0.3
2.820,3.612,0.10
3.580,3.463,0.12
4.358,3.850,0.14
0.27,0.12,0.0
1.760,1.754,0.5
2.319,1.120,0.11
0.134,0.130,0.1
2.878,2.380,0.13
0.371,0.254,0.2
1.884,1.260,0.3
3.186,3.461,0.11
2.224,1.687,0.5
0.19,0.24,0.1
1.257,1.228,0.2
5.22,4.65,0.13
1.862,3.545,0.12
4.86,6.351,0.15
1.0,0.269,0.2
4.539,4.630,0.23
0.4,0.2,0.0
3.105,2.383,0.10
2.890,3.128,0.12
2.633,2.571,0.7
2.502,2.297,0.10
1.436,2.973,0.7
5.750,5.805,0.6
2.250,2.741,0.6
3.150,2.283,0.10
1.184,1.337,0.7
2.410,1.670,0.6
1.171,1.673,0.4
3.769,4.805,0.13
4.864,4.335,0.11
1.753,2.371,0.6
4.834,5.782,0.11
0.320,1.69,0.3
0.751,0.705,0.6
3.419,2.923,0.12
2.438,1.576,0.12
1.298,1.457,0.6
3.176,3.51,0.10
1.680,2.580,0.7
0.452,0.676,0.5
3.62,3.376,0.11
0.134,0.56,0.1
2.399,3.233,0.9
4.892,4.569,0.21
0.668,0.277,0.3
1.562,3.199,0.9
5.172,3.976,0.14
2.146,2.166,0.5
2.186,2.597,0.7
0.24,0.20,0.1
3.367,2.842,0.11
4.144,4.729,0.15
0.232,1.38,0.2
3.516,3.181,0.12
1.357,1.246,0.3
1.322,1.302,0.3
2.726,1.177,0.3
3.513,3.115,0.11
6.836,6.937,0.24
2.195,2.247,0.5
3.634,3.512,0.11
3.505,2.922,0.12
4.29,3.767,0.12
0.197,0.202,0.2
3.37,1.243,0.11
1.43,0.944,0.5
5.361,4.773,0.13
1.31,0.956,0.5
2.437,3.147,0.10
1.682,1.866,0.7
0.518,0.448,0.4
2.957,2.547,0.10
0.92,0.205,0.1
2.903,1.500,0.10
1.412,2.297,0.6
2.408,1.105,0.6
1.176,2.598,0.6
3.143,2.629,0.10
0.590,0.806,0.3
0.334,0.653,0.1
3.328,2.337,0.11
3.648,4.227,0.14
2.814,2.829,0.10
1.182,1.90,0.2
2.186,2.863,0.10
1.85,0.816,0.10
2.294,2.540,0.7
2.689,1.398,0.7
1.455,1.512,0.11
1.160,3.502,0.12
2.799,1.419,0.7
0.138,0.205,0.2
1.252,2.598,0.6
1.6,1.8,0.9
0.271,0.343,0.2
0.28,0.20,0.1
1.588,1.381,0.11
1.325,1.818,0.5
0.340,0.749,0.5
2.337,1.360,0.5
5.949,6.827,0.11
1.701,3.199,0.11
6.727,3.965,0.15
1.449,2.555,0.6
1.592,2.411,0.9
2.725,2.462,0.7
0.704,0.532,0.6
2.668,1.305,0.10
4.920,4.411,0.21
2.998,1.342,0.7
4.21,3.806,0.13
2.632,2.550,0.7
0.575,0.301,0.3
0.483,0.831,0.5
1.546,2.636,0.7
1.161,3.31,0.4
1.845,3.193,0.10
1.513,1.738,0.5
2.520,1.385,0.6
0.729,0.261,0.2
2.957,2.751,0.11
1.505,3.687,0.21
2.573,2.359,0.6
4.902,6.194,0.16
3.716,2.365,0.8
1.418,1.474,0.5
0.466,0.298,0.3
1.315,1.322,0.3
4.81,6.567,0.14
0.544,0.990,0.6
1.547,2.982,0.10
0.319,0.698,0.3
1.479,1.360,0.3
0.373,1.152,0.4
3.716,3.541,0.12
3.278,2.409,0.12
2.495,1.691,0.6
1.460,2.687,0.6
3.400,3.798,0.14
2.963,2.327,0.9
0.281,0.754,0.3
4.329,3.858,0.11
1.4,0.356,0.4
4.612,4.149,0.16
0.775,0.752,0.10
4.914,6.182,0.14
1.30,0.978,0.6
3.387,1.497,0.9
2.835,2.932,0.9
4.317,6.448,0.17
2.570,1.250,0.6
1.476,3.45,0.10
0.702,0.352,0.3
2.914,3.944,0.14
0.130,0.54,0.2
1.613,3.406,0.10
1.164,1.449,0.4
0.154,0.159,0.1
0.593,1.42,0.6
2.473,1.208,0.10
3.266,1.814,0.5
2.241,3.956,0.14
0.708,0.351,0.1
0.509,0.739,0.5
1.558,1.840,0.5
0.550,0.987,0.6
1.796,2.366,0.7
5.506,3.640,0.13
0.444,1.99,0.4
0.163,0.145,0.1
2.832,3.380,0.11
1.678,2.534,0.6
1.676,2.329,0.6
4.708,4.272,0.5
6.83,6.14,0.11
0.636,0.320,0.3
1.325,2.674,0.8
7.213,4.48,0.11
1.726,1.146,0.4
4.976,5.899,0.14
2.302,1.144,0.6
7.230,5.192,0.23
1.90,0.452,0.5
2.350,2.681,0.7
0.987,0.487,0.5
1.634,1.360,0.4
2.923,2.188,0.9
4.661,6.677,0.21
1.489,3.25,0.10
1.844,1.427,0.6
2.492,2.273,0.9
0.594,0.978,0.5
0.977,0.957,0.5
2.403,1.249,0.6
0.285,0.246,0.2
5.461,4.797,0.12
0.121,0.193,0.1
0.982,0.975,0.4
2.620,1.558,0.7
1.783,1.218,0.4
3.207,3.491,0.11
7.293,7.752,0.16
2.298,2.925,0.9
3.396,3.764,0.17
4.22,4.454,0.13
0.458,0.243,0.2
2.837,3.347,0.11
0.513,1.90,0.3
1.22,0.262,0.2
3.109,3.484,0.10
0.277,0.955,0.3
3.213,1.375,0.11
1.385,2.212,0.5
1.521,1.539,0.4
1.229,1.819,0.3
0.740,1.77,0.7
3.938,4.124,0.6
1.85,0.350,0.4
2.186,1.169,0.5
1.552,2.432,0.5
4.966,5.539,0.21
3.155,2.939,0.10
0.946,0.963,0.5
0.452,0.769,0.5
0.583,1.59,0.6
3.369,2.340,0.11
3.213,3.67,0.11
0.960,1.8,0.3
0.431,0.490,0.4
1.493,1.501,0.4
2.901,2.776,0.9
2.410,2.509,0.6
1.354,1.237,0.3
2.842,1.128,0.9
2.173,1.658,0.6
2.338,1.669,0.5
1.506,3.237,0.11
0.136,0.208,0.2
0.549,1.50,0.6
1.577,1.545,0.4
2.121,1.358,0.5
1.343,2.950,0.6
0.241,0.462,0.2
0.87,0.196,0.2
2.787,2.684,0.9
0.41,0.223,0.2
0.647,0.430,0.5
0.491,0.986,0.4
2.892,3.643,0.5
0.279,0.962,0.2
1.358,1.212,0.4
2.814,2.123,0.9
4.37,4.29,0.15
3.864,4.21,0.13
0.319,0.989,0.3
0.129,0.201,0.2
3.691,7.926,0.14
3.162,3.298,0.6
0.786,0.437,0.4
2.275,1.239,0.5
0.2,0.3,0.0
0.591,0.605,0.4
0.339,0.553,0.1
3.200,2.234,0.12
2.296,2.277,0.5
1.940,1.353,0.5
2.562,1.323,0.4
2.688,1.826,0.7
2.473,2.610,0.7
3.50,1.780,0.9
1.14,0.947,0.10
1.823,2.673,0.7
0.68,0.149,0.1
1.397,1.103,0.3
0.237,0.276,0.2
4.760,3.943,0.15
0.553,0.554,0.3
3.313,1.148,0.11
2.318,1.341,0.5
1.369,1.202,0.5
2.438,1.867,0.6
2.385,1.250,0.6
3.340,1.120,0.11
2.331,2.197,0.8
0.660,0.715,0.7
1.474,2.479,0.6
2.259,3.212,0.10
3.238,3.282,0.12
0.48,0.40,0.0
0.138,0.223,0.2
3.362,1.267,0.14
2.696,1.792,0.5
1.612,3.233,0.10
4.263,3.762,0.13
3.478,1.560,0.12
3.773,3.962,0.14
1.290,2.365,0.6
3.823,3.682,0.13
0.24,0.6,0.0
1.70,0.665,0.9
2.414,1.705,0.6
1.139,2.266,0.5
2.699,1.211,0.7
0.751,0.552,0.6
1.114,2.198,0.6
4.162,4.447,0.19
1.157,1.506,0.3
3.11,1.214,0.9
2.849,1.356,0.9
0.593,0.252,0.2
1.911,3.133,0.11
0.11,0.12,0.0
1.739,1.131,0.5
0.3,0.4,0.0
6.644,5.218,0.14
0.4,0.4,0.0
3.114,3.524,0.12
0.474,0.629,0.4
0.348,0.366,0.4
0.44,0.68,0.0
2.657,3.398,0.12
6.45,5.713,0.14
3.102,1.735,0.10
1.335,2.963,0.10
4.653,5.130,0.20
1.880,3.732,0.13
0.522,0.258,0.3
1.56,1.73,0.10
2.307,2.870,0.8
3.394,1.239,0.4
2.698,3.508,0.12
0.585,0.606,0.7
3.159,3.608,0.13
2.788,1.713,0.8
2.650,1.181,0.7
1.156,3.216,0.11
5.647,6.502,0.20
1.709,1.225,0.7
0.300,0.292,0.1
0.50,0.109,0.1
2.268,2.413,0.7
5.82,3.995,0.5
2.816,1.627,0.9
2.852,1.425,0.3
2.635,2.271,0.6
4.642,4.17,0.17
0.637,0.693,0.5
7.777,7.191,0.24
1.512,3.514,0.11
2.970,2.588,0.10
1.650,1.229,0.5
1.167,2.475,0.6
1.438,1.893,0.5
2.973,3.561,0.12
0.597,0.998,0.7
5.375,3.990,0.10
0.10,0.8,0.0
0.64,0.206,0.2
2.677,2.784,0.9
1.186,1.328,0.3
2.398,1.708,0.6
0.272,0.514,0.2
0.215,0.94,0.2
2.659,1.278,0.4
2.259,2.587,0.7
1.465,1.415,0.3
2.285,1.874,0.5
0.679,0.977,0.4
3.753,4.30,0.13
3.660,3.905,0.13
3.397,1.668,0.12
5.99,3.768,0.13
1.294,2.243,0.5
4.298,4.829,0.14
2.230,2.707,0.7
5.12,4.845,0.13
2.853,2.875,0.9
1.136,1.686,0.4
1.638,1.573,0.5
1.252,1.509,0.3
0.453,0.501,0.4
2.167,3.156,0.10
4.339,4.235,0.20
0.10,0.30,0.0
2.212,2.579,0.7
0.736,0.711,0.9
2.388,1.240,0.7
2.768,3.339,0.4
3.237,2.782,0.10
1.686,1.200,0.4
2.418,1.394,0.4
1.470,3.411,0.12
1.242,2.657,0.7
4.138,3.766,0.6
3.323,1.217,0.4
1.18,0.285,0.3
4.54,4.840,0.15
0.243,0.808,0.2
1.381,2.874,0.9
0.103,0.148,0.1
2.443,1.558,0.6
0.686,0.474,0.5
3.380,2.676,0.12
3.433,2.168,0.7
5.945,3.941,0.15
1.240,2.613,0.7
0.448,0.959,0.4
4.289,4.562,0.16
1.43,1.94,0.12
0.956,1.73,0.10
2.535,2.812,0.9
1.848,1.253,0.9
8.463,8.933,0.22
0.993,0.781,0.3
0.276,0.745,0.3
1.569,1.940,0.5
0.818,0.332,0.3
2.516,2.404,0.6
3.135,1.414,0.10
0.131,0.118,0.1
1.549,2.292,0.5
3.55,1.388,0.10
1.158,1.909,0.9
6.251,4.802,0.10
0.351,1.97,0.3
1.680,1.425,0.8
0.610,0.290,0.2
1.441,1.248,0.4
0.282,0.667,0.3
0.796,0.431,0.4
0.959,0.782,0.5
1.260,2.188,0.5
3.833,4.222,0.14
3.210,1.410,0.11
1.71,1.54,0.3
1.108,1.636,0.4
1.166,2.477,0.6
0.153,0.102,0.1
3.947,4.39,0.14
0.613,0.616,0.5
2.166,1.378,0.5
3.746,2.605,0.10
1.203,3.272,0.3
0.221,0.992,0.2
2.538,2.585,0.6
2.702,2.958,0.10
2.514,3.110,0.9
2.156,1.703,0.5
4.659,4.834,0.22
4.572,4.786,0.21
6.93,4.244,0.17
1.365,1.438,0.9
1.87,0.560,0.6
3.940,6.537,0.14
2.469,2.358,0.8
1.619,1.164,0.5
0.206,0.210,0.2
2.829,2.303,0.9
0.532,0.475,0.5
2.711,3.179,0.10
0.246,0.280,0.2
0.499,0.389,0.4
2.242,3.196,0.11
3.99,3.284,0.11
0.230,0.739,0.2
2.805,2.223,0.7
1.582,1.738,0.5
0.487,0.838,0.5
2.732,3.414,0.12
0.806,0.476,0.5
5.749,3.980,0.15
4.53,3.808,0.13
2.377,2.294,0.10
4.100,3.961,0.15
1.582,1.634,0.5
3.872,3.832,0.13
3.100,3.612,0.12
0.41,0.217,0.2
1.216,1.134,0.3
1.145,2.458,0.7
1.290,3.359,0.11
0.54,0.139,0.1
1.244,3.479,0.11
2.938,2.445,0.9
3.676,4.674,0.10
1.66,0.274,0.3
1.419,2.285,0.5
0.703,0.240,0.2
1.32,0.490,0.5
1.139,3.417,0.11
4.288,4.185,0.11
3.50,2.674,0.9
3.407,2.224,0.13
5.323,4.985,0.12
0.607,0.536,0.5
0.457,0.327,0.3
2.736,3.780,0.11
4.279,4.550,0.10
1.760,3.658,0.11
1.547,1.581,0.4
2.279,2.652,0.7
0.237,0.462,0.2
0.297,0.978,0.3
3.525,3.319,0.14
2.187,2.247,0.5
0.63,0.137,0.1
5.240,3.817,0.7
4.705,4.60,0.15
2.173,1.707,0.5
2.642,1.469,0.7
5.493,3.718,0.13
2.390,3.179,0.10
0.324,0.645,0.3
3.584,2.565,0.13
0.263,0.464,0.2
0.304,0.760,0.3
1.802,3.195,0.11
2.851,1.403,0.9
2.249,2.243,0.5
1.662,2.441,0.7
0.270,0.244,0.2
2.921,2.563,0.10
1.449,1.831,0.5
0.258,0.589,0.3
2.731,3.648,0.13
0.479,1.37,0.5
2.885,1.379,0.10
3.720,5.899,0.5
4.117,6.27,0.16
4.138,3.777,0.10
1.401,2.609,0.5
3.396,2.449,0.11
0.955,0.301,0.3
3.629,2.449,0.10
1.854,1.586,0.5
2.115,2.576,0.9
0.431,0.552,0.2
1.356,2.276,0.5
1.137,1.449,0.6
0.723,0.729,0.9
1.267,1.176,0.4
2.305,2.599,0.7
0.805,0.953,0.6
1.340,2.145,0.5
3.425,2.680,0.12
0.309,0.988,0.3
2.266,2.695,0.7
2.911,1.279,0.9
2.333,1.607,0.6
0.575,0.527,0.5
0.724,0.760,0.9
5.726,3.797,0.13
0.457,0.533,0.4
2.808,2.523,0.10
3.893,4.788,0.13
0.371,0.764,0.4
2.839,1.336,0.9
5.441,5.129,0.22
0.51,0.59,0.0
4.320,4.725,0.16
1.519,1.778,0.8
0.158,0.123,0.1
0.737,0.456,0.4
2.373,2.346,0.6
0.684,0.500,0.5
4.221,4.302,0.19
5.67,3.762,0.13
2.647,2.897,0.9
5.911,4.458,0.6
0.268,0.294,0.3
0.104,0.150,0.1
7.374,4.801,0.23
0.297,1.25,0.3
0.278,0.718,0.2
1.149,3.672,0.15
3.131,1.381,0.10
2.950,2.707,0.5
0.816,0.530,0.5
3.20,3.344,0.12
1.277,1.134,0.4
3.409,1.234,0.4
4.11,4.299,0.15
0.998,0.630,0.3
3.142,3.749,0.14
2.863,2.511,0.9
1.814,3.5,0.10
1.645,3.427,0.11
0.264,0.943,0.2
4.522,4.170,0.6
1.276,3.312,0.11
3.978,6.362,0.15
2.578,2.293,0.6
0.305,0.651,0.3
3.581,2.472,0.11
0.518,0.298,0.3
1.218,1.585,0.5
1.162,1.780,0.5
3.271,3.157,0.11
2.625,2.834,0.7
1.873,1.486,0.5
3.369,3.364,0.11
2.883,3.31,0.10
2.692,1.766,0.7
1.250,2.613,0.5
3.579,2.572,0.13
1.683,1.716,0.6
0.757,0.566,0.4
5.193,4.471,0.10
2.690,3.397,0.9
1.30,0.234,0.2
4.58,3.910,0.13
0.448,0.447,0.4
1.317,2.738,0.7
3.776,4.701,0.14
2.388,1.235,0.6
0.540,0.236,0.2
2.369,1.670,0.6
0.552,0.497,0.5
0.557,0.317,0.3
0.125,0.145,0.1
2.347,2.486,0.6
1.233,2.743,0.7
1.243,1.203,0.2
6.536,3.862,0.10
0.778,0.613,0.8
1.481,2.626,0.6
2.452,2.601,0.7
2.632,1.196,0.7
5.261,4.966,0.20
3.808,3.877,0.14
2.388,1.309,0.6
3.355,2.910,0.12
1.288,1.122,0.5
0.357,0.768,0.4
0.168,0.221,0.2
1.730,1.175,0.5
2.225,3.63,0.10
2.364,2.301,0.6
3.501,3.295,0.12
1.94,0.657,0.4
0.513,0.350,0.4
3.274,1.427,0.12
4.451,4.269,0.11
3.287,2.532,0.6
5.385,3.784,0.17
3.486,3.292,0.12
2.712,3.304,0.10
1.810,2.435,0.6
2.627,3.260,0.12
0.135,0.158,0.1
2.148,1.260,0.9
5.125,4.777,0.19
0.205,0.136,0.2
2.35,1.800,0.5
2.426,1.660,0.6
0.19,0.9,0.0
3.318,1.343,0.7
0.477,1.14,0.5
0.317,0.847,0.3
1.596,3.16,0.10
2.350,2.750,0.7
2.239,2.876,0.9
1.317,1.785,0.4
0.537,0.995,0.6
3.74,1.174,0.11
0.644,0.490,0.5
3.401,1.778,0.13
0.26,0.24,0.1
5.287,4.558,0.22
0.117,0.214,0.2
2.361,3.149,0.7
2.124,1.321,0.8
3.289,2.216,0.11
6.204,5.862,0.22
4.389,4.649,0.20
0.969,0.797,0.10
0.216,0.57,0.2
1.225,2.651,0.7
0.481,1.7,0.5
0.616,0.508,0.5
3.68,2.875,0.10
3.165,1.240,0.11
1.908,2.134,0.5
3.7,1.658,0.10
1.656,3.74,0.10
0.629,1.88,0.7
2.233,2.377,0.6
0.977,0.987,0.11
4.832,4.558,0.14
2.670,1.148,0.7
1.114,3.168,0.6
1.307,1.896,0.5
3.447,2.826,0.12
3.637,5.84,0.9
0.678,0.930,0.10
0.25,0.21,0.1
2.928,1.889,0.5
0.985,0.704,0.9
0.711,1.143,0.9
1.224,3.80,0.5
1.854,1.196,0.5
0.636,0.774,0.5
2.731,1.814,0.7
0.853,0.553,0.7
3.526,2.600,0.11
