forward,reverse,double_headed
4.950,4.904,0.20
2.450,1.375,0.5
4.933,4.391,0.20
1.723,2.437,0.11
1.792,1.784,0.5
0.136,0.129,0.1
0.764,0.356,0.4
0.352,0.735,0.4
2.997,3.469,0.11
2.476,1.542,0.6
0.233,0.263,0.2
0.909,1.17,0.11
2.253,1.903,0.7
0.271,0.983,0.3
6.193,6.381,0.13
3.307,2.903,0.10
0.313,0.645,0.3
3.418,1.849,0.11
4.276,3.952,0.5
0.759,0.732,0.3
3.313,1.879,0.12
1.736,1.170,0.4
2.965,1.272,0.10
0.264,0.251,0.2
0.552,0.459,0.2
1.105,0.582,0.5
1.727,2.672,0.7
4.652,4.672,0.20
4.682,3.989,0.5
1.172,1.271,0.3
3.148,2.335,0.10
1.218,1.174,0.3
3.284,3.297,0.11
2.419,1.544,0.7
2.338,1.839,0.7
1.226,1.237,0.3
4.177,3.882,0.14
3.725,3.713,0.11
3.383,1.896,0.11
4.725,4.947,0.11
4.110,3.812,0.10
2.147,1.518,0.5
0.288,0.829,0.3
0.347,1.71,0.4
0.526,0.815,0.2
1.240,3.158,0.11
0.954,1.87,0.11
5.356,6.513,0.22
0.600,0.456,0.4
0.362,0.679,0.4
0.476,0.259,0.2
1.271,1.295,0.3
3.833,4.122,0.14
2.421,2.990,0.10
0.309,0.267,0.3
3.568,1.599,0.12
3.474,3.231,0.12
0.193,0.92,0.1
2.612,3.483,0.12
0.5,0.29,0.0
0.309,0.761,0.2
4.184,4.683,0.13
1.857,1.195,0.5
0.455,1.18,0.4
2.259,1.743,0.5
0.734,0.932,0.3
0.5,0.1,0.0
1.203,2.381,0.6
3.874,3.922,0.15
4.270,4.111,0.5
2.124,1.187,0.5
2.977,1.284,0.10
1.530,1.297,0.5
0.205,0.56,0.1
1.86,0.524,0.5
3.383,1.877,0.11
0.501,1.45,0.6
1.11,0.440,0.4
3.234,1.341,0.6
0.601,0.646,0.4
1.228,2.327,0.5
0.317,1.25,0.3
5.455,4.306,0.19
2.749,1.311,0.7
0.998,0.965,0.11
4.77,4.231,0.13
4.339,4.172,0.12
0.363,0.535,0.4
0.585,1.35,0.4
3.139,2.607,0.7
1.22,0.981,0.7
3.853,4.359,0.11
1.705,1.721,0.9
5.273,4.171,0.14
5.181,4.861,0.16
1.778,1.567,0.4
0.325,0.282,0.3
4.119,6.814,0.9
2.972,1.111,0.10
2.804,2.244,0.9
1.629,1.537,0.6
1.711,1.290,0.5
0.772,1.16,0.4
1.619,2.623,0.7
0.728,1.5,0.9
2.763,1.553,0.9
4.327,5.190,0.14
0.225,0.575,0.2
0.606,0.354,0.4
1.467,2.686,0.9
3.791,5.718,0.10
1.168,1.257,0.5
1.531,2.692,0.8
0.108,0.90,0.1
0.518,0.223,0.2
0.967,0.350,0.4
0.510,0.643,0.4
0.741,0.623,0.7
1.842,1.121,0.5
2.927,3.609,0.10
1.64,0.474,0.3
0.581,0.684,0.3
3.121,1.650,0.10
0.467,0.547,0.3
1.53,0.523,0.6
0.336,0.492,0.3
2.202,2.181,0.6
1.578,1.774,0.4
5.668,3.939,0.14
3.483,2.154,0.10
3.734,2.795,0.13
1.638,2.211,0.6
3.908,4.327,0.11
0.667,0.592,0.6
0.222,0.42,0.1
1.22,0.650,0.7
2.755,3.46,0.11
2.812,3.220,0.12
0.156,0.166,0.2
2.226,1.130,0.3
3.453,2.328,0.12
2.586,2.705,0.5
1.351,3.134,0.9
0.527,0.754,0.5
3.625,3.751,0.13
1.467,1.205,0.3
2.420,3.574,0.12
1.402,3.115,0.5
0.735,1.131,0.5
0.44,0.97,0.1
3.977,5.352,0.14
6.700,4.22,0.16
3.771,3.706,0.14
1.424,1.393,0.6
3.251,1.211,0.3
3.250,2.761,0.7
0.9,0.24,0.0
0.46,0.44,0.0
2.234,3.439,0.12
0.447,0.281,0.3
0.649,0.959,0.4
4.940,4.215,0.13
4.264,5.741,0.19
1.201,2.437,0.6
3.476,1.311,0.12
1.530,2.346,0.9
0.322,1.134,0.3
1.398,3.322,0.11
6.280,3.971,0.14
3.350,3.3,0.13
0.555,0.477,0.1
0.465,1.24,0.5
3.467,2.695,0.11
2.387,1.163,0.6
5.769,4.250,0.16
5.292,3.854,0.14
2.888,1.336,0.10
0.501,1.75,0.5
1.322,3.484,0.14
2.433,2.903,0.8
1.65,0.978,0.4
5.364,4.678,0.8
0.128,0.123,0.1
3.290,3.854,0.13
0.481,0.251,0.2
1.251,1.375,0.3
2.844,3.223,0.8
3.21,1.980,0.7
5.39,4.109,0.20
2.882,1.679,0.7
0.314,0.497,0.3
1.887,1.241,0.5
3.917,3.663,0.15
2.766,3.24,0.12
0.275,0.318,0.3
0.693,0.358,0.3
2.656,1.485,0.7
2.802,3.71,0.9
0.817,1.148,0.6
0.850,0.564,0.2
1.176,3.36,0.3
2.949,3.356,0.11
3.231,1.616,0.11
2.678,2.417,0.7
2.590,2.547,0.7
0.598,1.46,0.7
4.537,5.974,0.5
4.52,5.368,0.13
2.417,1.791,0.6
3.303,2.908,0.11
0.533,0.318,0.3
1.281,3.121,0.11
1.664,1.213,0.3
3.795,1.813,0.11
0.347,0.751,0.4
2.943,1.421,0.9
2.825,2.268,0.7
0.572,0.780,0.6
5.691,4.689,0.13
3.304,3.750,0.14
0.677,0.499,0.5
2.765,2.468,0.7
0.577,0.807,0.6
3.63,2.322,0.11
2.372,2.802,0.9
3.121,1.485,0.5
0.475,0.537,0.5
4.829,4.375,0.21
0.141,0.46,0.1
3.522,3.80,0.11
2.984,1.790,0.11
1.383,3.174,0.10
3.711,5.249,0.14
0.983,0.481,0.5
1.220,1.336,0.5
1.569,1.396,0.4
3.151,1.172,0.11
0.59,0.45,0.0
3.196,1.507,0.10
1.596,1.186,0.4
0.248,1.44,0.2
3.94,1.493,0.10
4.32,4.203,0.15
0.732,1.15,0.10
3.78,2.401,0.11
2.278,1.314,0.6
1.167,3.343,0.3
3.217,2.929,0.11
2.302,3.66,0.10
2.985,1.545,0.6
1.378,2.121,0.5
1.183,0.299,0.3
1.565,3.852,0.4
2.186,1.687,0.5
0.116,0.199,0.2
3.605,1.773,0.14
0.264,0.691,0.2
3.107,2.306,0.10
0.207,0.97,0.2
5.643,3.776,0.14
0.248,0.459,0.2
3.493,1.882,0.5
0.627,1.86,0.5
1.225,3.174,0.10
1.646,1.468,0.4
3.512,2.948,0.12
3.606,1.425,0.13
1.281,1.275,0.2
1.248,1.429,0.3
5.185,4.482,0.13
0.439,1.46,0.3
2.724,1.161,0.3
0.162,0.221,0.2
0.98,0.126,0.1
1.155,3.72,0.10
0.451,0.500,0.4
0.931,0.953,0.10
0.245,0.452,0.2
0.604,0.240,0.2
2.507,2.286,0.6
0.319,0.956,0.3
0.198,0.207,0.2
0.690,1.16,0.9
1.542,2.203,0.5
1.445,1.233,0.3
4.182,3.747,0.14
1.237,2.239,0.5
4.400,3.813,0.13
0.978,1.11,0.11
1.73,0.629,0.4
0.22,0.24,0.1
2.776,1.160,0.6
3.408,1.281,0.11
0.533,0.278,0.3
0.478,0.283,0.3
1.178,1.517,0.4
3.63,1.355,0.11
2.453,2.337,0.6
0.286,0.976,0.3
1.236,2.615,0.5
0.996,0.980,0.11
1.43,1.28,0.12
1.444,1.107,0.9
4.501,4.616,0.17
1.807,2.603,0.6
2.643,3.336,0.11
4.474,4.155,0.13
0.227,0.491,0.2
2.537,1.896,0.7
0.242,0.761,0.2
1.237,1.814,0.5
1.698,2.816,0.9
2.356,2.651,0.8
2.374,2.892,0.9
2.619,3.333,0.11
0.46,0.156,0.2
1.576,1.318,0.4
1.184,0.608,0.7
0.97,0.123,0.1
1.52,0.471,0.5
3.347,2.526,0.9
0.225,0.984,0.2
0.520,0.681,0.6
3.37,3.581,0.11
3.335,2.236,0.7
1.708,2.136,0.5
1.103,2.771,0.9
2.591,3.586,0.14
0.589,0.967,0.4
3.46,2.932,0.9
2.729,3.101,0.10
4.683,3.581,0.5
1.69,1.175,0.3
2.446,1.129,0.6
4.396,4.189,0.9
1.266,1.497,0.3
1.789,2.607,0.7
2.149,2.997,0.10
4.968,4.430,0.5
1.285,1.740,0.8
2.233,1.339,0.9
1.11,0.635,0.7
1.38,0.502,0.5
2.160,3.371,0.11
0.119,0.220,0.2
2.623,3.422,0.12
1.367,1.513,0.3
2.362,2.60,0.6
1.39,0.491,0.5
1.262,1.504,0.5
4.647,5.84,0.13
2.274,2.573,0.7
1.332,2.283,0.5
2.600,3.121,0.10
2.141,2.197,0.5
1.321,1.615,0.5
0.287,1.57,0.3
0.439,1.8,0.4
3.460,3.290,0.11
0.585,0.784,0.6
1.213,2.96,0.5
3.651,3.714,0.13
2.474,2.916,0.9
3.301,1.743,0.11
5.536,5.107,0.14
3.377,1.211,0.11
2.219,3.346,0.7
1.491,1.646,0.4
3.319,2.478,0.5
5.55,4.647,0.22
1.341,1.211,0.3
2.571,2.269,0.7
6.690,5.324,0.13
0.892,0.248,0.2
1.33,0.731,0.7
0.107,0.196,0.2
2.244,2.346,0.6
2.309,2.968,0.10
0.268,1.44,0.3
0.723,1.23,0.9
2.671,1.508,0.9
1.628,2.847,0.10
2.416,1.313,0.5
2.134,2.968,0.10
0.538,0.734,0.4
2.381,3.129,0.6
0.967,0.424,0.4
0.669,0.751,0.9
1.419,1.147,0.3
4.384,5.514,0.16
3.812,5.57,0.14
3.795,4.511,0.14
2.140,2.264,0.5
0.575,0.534,0.1
3.702,3.579,0.11
4.504,5.184,0.13
5.323,5.41,0.12
0.784,0.456,0.2
1.802,3.481,0.12
1.304,2.722,0.5
2.561,1.562,0.11
1.650,2.139,0.5
3.469,2.611,0.13
2.142,1.860,0.5
0.723,0.281,0.2
1.356,1.619,0.8
2.208,1.576,0.7
1.688,1.181,0.5
0.129,0.45,0.1
4.992,5.264,0.23
2.586,2.578,0.5
4.357,4.383,0.5
4.656,3.569,0.13
2.73,3.306,0.12
2.713,3.294,0.11
4.64,5.450,0.13
1.185,2.268,0.6
4.440,4.991,0.20
1.657,1.491,0.10
2.894,2.219,0.10
2.691,2.108,0.5
3.893,5.384,0.11
1.115,1.107,0.9
1.589,3.339,0.12
1.525,1.549,0.6
0.211,0.51,0.2
0.558,0.467,0.5
3.219,1.676,0.12
2.777,3.48,0.10
3.421,2.117,0.11
1.56,2.375,0.4
4.924,4.859,0.22
5.91,4.647,0.22
1.524,1.523,0.4
2.636,1.216,0.7
0.310,0.286,0.3
1.569,1.192,0.6
1.16,0.743,0.5
1.59,0.966,0.4
2.553,2.223,0.7
3.778,4.22,0.14
3.923,4.954,0.15
0.995,0.915,0.7
1.258,1.354,0.5
1.543,2.122,0.5
4.609,4.748,0.22
2.400,3.412,0.12
0.639,0.535,0.5
4.520,4.348,0.9
5.815,3.790,0.13
5.32,3.822,0.9
1.475,1.95,0.5
4.380,3.739,0.10
8.593,8.282,0.20
2.560,3.86,0.10
3.219,2.624,0.7
1.343,1.715,0.5
0.59,0.95,0.1
0.677,1.60,0.4
1.3,1.53,0.4
3.279,2.606,0.11
0.25,0.23,0.1
0.260,0.495,0.2
3.706,3.637,0.13
0.727,0.345,0.3
0.3,0.1,0.0
4.486,4.326,0.10
0.437,0.338,0.3
1.206,1.341,0.5
0.462,0.520,0.5
6.651,5.113,0.27
1.827,1.625,0.5
4.46,4.251,0.16
4.329,5.227,0.9
0.428,0.497,0.4
1.849,2.113,0.5
0.306,0.690,0.3
0.128,0.91,0.1
3.683,5.637,0.12
4.25,5.524,0.10
0.500,0.997,0.5
1.317,3.308,0.5
2.73,1.738,0.7
3.677,5.291,0.13
2.894,1.122,0.10
3.543,5.93,0.13
1.332,2.542,0.5
0.81,0.148,0.1
2.134,1.802,0.6
6.638,6.613,0.20
2.487,3.251,0.11
3.185,1.711,0.11
1.402,2.520,0.7
1.583,1.294,0.7
5.414,4.637,0.13
0.5,0.9,0.0
0.419,0.434,0.5
0.117,0.116,0.1
2.334,1.324,0.6
2.976,1.432,0.6
1.200,2.182,0.5
3.556,3.855,0.13
0.4,0.1,0.0
1.67,1.86,0.3
0.238,0.245,0.2
0.952,0.279,0.3
0.415,0.946,0.4
1.306,3.138,0.11
2.355,1.194,0.6
0.43,0.119,0.1
2.57,1.323,0.9
2.459,2.41,0.7
1.592,2.428,0.4
0.630,0.638,0.6
0.934,0.340,0.4
0.917,0.918,0.10
0.128,0.188,0.2
2.352,2.519,0.9
3.779,4.346,0.10
0.949,0.576,0.4
3.650,4.400,0.9
0.744,3.81,0.14
0.993,1.43,0.7
2.921,3.583,0.10
4.118,4.632,0.15
0.447,0.526,0.4
2.415,1.818,0.6
3.207,2.264,0.10
1.149,2.443,0.6
0.918,0.919,0.10
2.639,2.509,0.7
3.916,4.184,0.11
2.559,1.302,0.5
0.10,0.10,0.0
1.436,2.822,0.11
1.66,0.990,0.5
2.444,1.266,0.6
0.454,0.300,0.3
0.522,0.616,0.3
5.732,4.957,0.21
2.934,3.368,0.12
5.856,3.891,0.13
0.160,0.94,0.1
3.840,6.57,0.15
5.853,3.682,0.10
4.456,4.103,0.13
5.629,5.342,0.16
0.540,0.593,0.6
2.643,2.67,0.10
1.502,1.378,0.6
2.43,3.468,0.12
3.757,4.207,0.14
1.152,1.184,0.2
1.596,1.459,0.4
2.312,1.216,0.6
5.666,5.971,0.19
2.179,2.121,0.5
0.586,0.953,0.7
1.476,1.256,0.3
2.91,1.215,0.6
0.114,0.69,0.1
2.874,2.487,0.10
1.719,2.896,0.9
2.646,1.268,0.10
3.197,3.506,0.13
2.426,1.301,0.5
0.902,0.469,0.4
2.809,2.708,0.10
4.399,4.291,0.14
2.409,2.770,0.9
4.7,4.891,0.18
3.223,1.72,0.11
0.524,0.364,0.4
0.301,0.956,0.3
2.762,2.222,0.9
1.189,1.383,0.3
1.654,1.568,0.5
1.827,1.507,0.7
2.600,2.59,0.6
2.930,1.578,0.9
1.99,2.670,0.9
2.910,3.117,0.11
0.957,0.314,0.4
4.348,8.541,0.20
1.128,2.135,0.5
0.681,0.687,0.6
1.425,1.89,0.5
2.890,3.247,0.11
1.288,2.725,0.3
2.197,2.590,0.7
3.123,3.26,0.10
3.586,2.782,0.7
0.193,0.89,0.1
4.618,3.959,0.14
2.133,1.647,0.5
3.614,3.584,0.12
0.119,0.101,0.1
2.118,3.341,0.6
3.897,4.666,0.13
1.600,2.580,0.8
1.521,2.522,0.7
1.339,1.200,0.7
2.651,1.186,0.9
0.1,0.5,0.0
2.82,2.598,0.7
2.926,1.499,0.10
5.51,4.199,0.14
2.195,1.178,0.7
5.89,4.695,0.15
3.311,2.438,0.7
0.310,0.328,0.3
1.417,2.369,0.10
2.323,2.502,0.6
0.503,0.619,0.4
0.972,0.273,0.3
2.668,2.616,0.5
3.561,6.347,0.9
3.4,2.43,0.10
0.229,0.665,0.2
2.622,2.154,0.8
0.311,0.967,0.3
1.3,0.984,0.11
0.103,0.85,0.1
1.241,1.511,0.7
0.580,0.286,0.3
0.962,1.3,0.4
1.752,2.135,0.5
0.261,0.217,0.2
1.523,2.895,0.10
2.223,1.113,0.5
2.131,2.94,0.5
1.412,3.4,0.10
3.212,2.934,0.5
4.305,4.488,0.19
5.240,5.32,0.20
3.834,4.41,0.15
1.51,0.977,0.9
3.19,2.612,0.9
2.381,1.450,0.6
1.330,2.565,0.6
5.232,4.691,0.20
0.116,0.121,0.1
2.98,1.332,0.5
1.296,2.592,0.5
3.501,1.367,0.12
2.732,1.656,0.10
3.154,3.471,0.13
2.897,2.991,0.10
5.92,4.809,0.12
0.507,1.1,0.5
1.186,1.85,0.2
3.44,2.184,0.10
7.84,4.291,0.10
1.117,2.96,0.3
3.121,3.123,0.19
3.613,4.545,0.15
1.912,0.849,0.10
9.371,9.878,0.51
6.946,5.26,0.10
0.541,0.725,0.6
1.533,1.274,0.3
1.442,1.569,0.11
0.59,0.88,0.1
4.920,3.345,0.20
2.56,1.961,0.5
5.474,5.346,0.23
2.641,4.193,0.13
6.4,7.404,0.13
1.647,2.599,0.8
6.998,7.948,0.20
7.432,7.281,0.40
2.127,3.981,0.12
0.818,1.883,0.10
4.705,5.817,0.7
1.364,2.650,0.9
5.424,5.383,0.21
4.176,3.544,0.17
0.961,0.975,0.12
1.180,0.910,0.12
1.721,0.985,0.13
5.152,5.576,0.20
0.939,1.845,0.12
2.364,5.302,0.22
3.945,3.134,0.5
0.360,0.259,0.2
1.48,0.502,0.5
3.954,7.407,0.34
4.970,6.413,0.31
2.450,1.165,0.14
3.991,6.912,0.27
3.613,6.156,0.17
7.602,8.207,0.32
2.966,5.276,0.10
4.58,3.745,0.3
1.360,1.260,0.3
3.30,1.229,0.10
2.507,1.596,0.6
0.291,0.979,0.3
0.125,0.51,0.1
0.487,0.531,0.5
0.595,0.759,0.7
1.757,3.647,0.13
0.812,0.329,0.3
2.806,2.188,0.9
0.284,1.62,0.2
6.212,4.277,0.17
1.131,1.246,0.5
0.470,0.999,0.5
0.440,0.715,0.4
8.311,8.491,0.15
1.419,2.61,0.5
2.135,1.424,0.9
2.134,1.280,0.5
6.51,5.938,0.19
1.177,1.166,0.2
1.61,0.225,0.2
2.292,1.341,0.9
0.195,0.127,0.2
1.139,1.151,0.3
0.39,0.155,0.1
0.553,0.453,0.5
1.330,2.654,0.7
2.656,3.193,0.11
0.776,0.520,0.3
1.442,1.782,0.9
1.146,1.175,0.3
2.370,1.336,0.7
1.476,1.421,0.11
1.5,0.518,0.5
1.322,1.63,0.2
0.0,0.0,0.0
2.674,2.719,0.9
2.287,2.765,0.9
0.417,0.604,0.4
6.340,6.525,0.15
1.635,1.260,0.4
4.284,4.385,0.13
1.0,0.666,0.9
6.519,4.696,0.10
1.435,1.815,0.5
1.26,1.35,0.11
1.399,1.193,0.7
5.374,4.947,0.22
2.221,2.999,0.10
0.103,0.88,0.1
1.61,0.286,0.3
5.486,4.571,0.19
3.574,5.82,0.13
0.4,0.3,0.0
4.983,4.161,0.14
0.246,0.955,0.2
0.980,0.460,0.5
2.691,2.88,0.7
1.540,1.123,0.4
0.223,0.324,0.2
1.119,3.518,0.12
0.3,0.2,0.0
1.236,2.312,0.6
3.475,1.327,0.5
2.859,2.867,0.10
2.723,2.705,0.9
3.775,4.68,0.11
0.739,0.338,0.4
1.386,1.625,0.7
4.211,5.142,0.20
1.193,1.614,0.4
0.918,0.536,0.5
2.274,3.237,0.12
2.775,2.642,0.9
0.251,0.915,0.2
1.676,1.585,0.7
3.32,1.270,0.10
0.629,0.421,0.4
3.874,4.82,0.5
4.354,3.665,0.13
1.704,1.593,0.5
3.133,2.265,0.11
2.298,2.387,0.9
2.580,2.320,0.7
0.228,0.458,0.2
2.756,3.247,0.3
1.336,1.329,0.5
1.733,1.125,0.7
2.901,3.30,0.9
1.703,1.147,0.4
2.764,1.538,0.9
1.18,0.256,0.2
2.389,1.728,0.6
4.409,4.53,0.19
3.306,3.250,0.10
2.520,1.818,0.6
2.834,2.643,0.9
2.146,3.22,0.10
5.148,3.586,0.10
0.660,0.444,0.4
3.730,3.718,0.14
1.719,2.276,0.5
0.584,0.260,0.2
1.191,1.590,0.4
2.975,1.143,0.10
0.583,0.313,0.3
2.450,2.725,0.9
2.239,1.564,0.6
1.269,2.999,0.10
3.648,3.639,0.9
3.544,4.96,0.13
1.72,1.771,0.5
0.409,0.529,0.4
1.446,2.387,0.6
3.428,2.552,0.12
2.641,2.449,0.7
5.261,4.535,0.22
2.590,1.635,0.7
0.235,0.304,0.2
3.752,6.187,0.14
4.4,3.897,0.15
0.974,0.673,0.5
2.864,2.837,0.9
0.233,0.683,0.2
0.50,0.85,0.0
2.475,1.643,0.7
0.57,0.163,0.1
1.495,1.274,0.5
2.882,3.402,0.12
3.713,3.833,0.9
3.692,4.975,0.12
3.95,3.159,0.11
1.44,0.954,0.5
2.794,2.391,0.10
1.325,1.758,0.4
2.678,1.309,0.9
0.506,1.50,0.5
1.439,1.422,0.6
2.810,2.224,0.6
3.877,4.472,0.13
2.360,2.334,0.6
0.137,0.207,0.2
0.245,0.496,0.2
5.215,3.988,0.13
5.831,4.378,0.16
3.69,1.388,0.11
5.439,5.884,0.14
3.798,5.764,0.10
0.447,0.966,0.5
2.631,1.145,0.4
1.105,2.426,0.5
3.603,5.883,0.14
0.216,0.114,0.2
1.117,2.489,0.7
0.281,0.548,0.2
0.612,0.606,0.2
2.989,2.647,0.10
1.99,2.701,0.4
1.161,1.166,0.5
1.277,1.288,0.3
0.490,0.497,0.5
1.761,2.688,0.9
0.136,0.86,0.1
1.391,2.152,0.5
3.862,4.671,0.14
1.307,3.25,0.5
0.334,1.10,0.3
0.976,0.327,0.3
0.238,0.699,0.2
1.120,1.739,0.5
1.716,2.329,0.6
1.4,0.971,0.3
2.96,2.185,0.5
5.951,5.628,0.19
3.658,6.64,0.12
1.307,2.361,0.10
0.764,0.251,0.2
2.75,0.833,0.6
0.611,0.842,0.5
2.613,2.970,0.6
1.132,2.91,0.7
4.339,4.772,0.22
2.265,1.941,0.6
0.408,0.367,0.4
5.530,2.393,0.23
8.516,7.157,0.34
2.32,2.760,0.12
0.705,0.590,0.7
2.186,1.189,0.7
4.931,5.516,0.10
1.94,0.951,0.11
2.889,3.397,0.10
0.303,1.117,0.3
3.957,3.822,0.10
0.679,0.478,0.5
2.183,2.301,0.5
1.762,1.755,0.6
0.273,0.223,0.2
0.444,0.619,0.4
3.413,1.247,0.10
5.527,4.740,0.22
1.427,3.438,0.11
2.646,2.623,0.7
1.252,2.998,0.11
0.984,0.980,0.4
0.425,0.234,0.2
4.458,6.50,0.11
2.151,1.65,0.11
1.596,1.442,0.4
0.804,0.274,0.3
0.189,0.86,0.1
2.379,1.617,0.6
2.409,1.768,0.9
3.98,2.557,0.9
2.461,2.655,0.7
4.282,3.741,0.12
0.296,0.670,0.2
3.858,3.635,0.13
4.249,3.962,0.16
4.280,5.776,0.13
1.842,1.255,0.6
1.574,1.704,0.4
2.709,3.214,0.10
2.66,1.336,0.5
0.465,0.533,0.3
1.456,2.312,0.6
2.149,1.317,0.5
3.443,3.481,0.10
5.63,4.932,0.22
3.670,3.707,0.9
1.470,3.469,0.12
3.542,4.453,0.12
0.86,0.202,0.2
0.782,0.530,0.2
2.715,3.128,0.11
3.677,3.611,0.5
0.643,1.22,0.4
1.118,2.77,0.7
2.818,1.196,0.7
2.144,1.443,0.6
1.41,0.614,0.4
1.85,2.709,0.9
2.668,2.742,0.9
5.143,4.134,0.19
3.642,4.412,0.14
3.469,2.782,0.13
2.352,2.288,0.6
1.509,2.302,0.6
1.285,1.373,0.5
0.597,0.490,0.5
0.673,0.366,0.4
2.673,3.259,0.9
0.212,0.53,0.2
2.961,2.965,0.10
1.350,3.43,0.6
1.588,2.261,0.5
0.512,0.565,0.5
2.917,2.850,0.10
0.11,0.12,0.0
2.459,2.353,0.6
2.716,1.501,0.9
2.503,3.237,0.12
0.706,0.256,0.2
2.425,3.7,0.11
2.843,2.582,0.9
6.420,4.276,0.12
6.684,6.522,0.13
1.322,2.264,0.5
1.39,0.575,0.4
0.981,0.549,0.6
2.337,3.475,0.13
0.3,0.2,0.0
1.743,2.174,0.5
2.119,1.629,0.5
0.518,0.665,0.4
1.533,2.357,0.4
0.479,0.727,0.5
0.650,0.437,0.4
2.170,3.517,0.11
1.276,2.130,0.6
3.285,3.421,0.12
3.252,2.892,0.11
0.107,0.212,0.2
1.570,1.297,0.4
0.684,0.360,0.4
2.685,1.183,0.9
1.265,1.463,0.5
1.813,2.416,0.7
0.621,0.759,0.4
2.520,2.791,0.9
2.257,1.154,0.5
3.278,3.122,0.11
5.216,4.396,0.20
2.178,2.769,0.6
2.756,2.620,0.9
1.24,0.315,0.3
2.859,1.80,0.2
0.954,0.337,0.4
1.314,2.340,0.5
2.110,2.652,0.7
0.405,0.674,0.4
0.794,0.721,0.5
2.448,1.237,0.7
0.455,0.652,0.4
3.117,2.531,0.11
